# Grad L2 norms vs bptt_chunk_len, variant: srnn-e-only-skip-per-neuron
# Sorted by |∇| at chunk_len=128 (descending).
# Params with all-zero gradients are masked-out per-neuron *_vec params, or inactive sides for ablation variant.

param                            cl=  16  cl=  32  cl=  64  cl= 128  cl= 256  cl= 512  | 512/16  | 256/128
----------------------------------------------------------------------------------------------------------
a_0_scalar                       1.12e-02 1.10e-02 1.07e-02 1.04e-02 9.82e-03 9.64e-03 |   0.86  |   0.94
a_0_vec                          2.66e-03 3.07e-03 3.75e-03 4.56e-03 5.29e-03 5.28e-03 |   1.98  |   1.16
readout_bias                     4.04e-03 4.04e-03 4.04e-03 4.04e-03 4.04e-03 4.04e-03 |   1.00  |   1.00
W_in                             1.90e-04 5.05e-04 1.19e-03 2.02e-03 3.01e-03 3.05e-03 |  16.02  |   1.49
readout_weight                   1.67e-03 1.67e-03 1.67e-03 1.67e-03 1.67e-03 1.67e-03 |   1.00  |   1.00
W_raw_gain                       1.71e-04 3.84e-04 7.08e-04 9.93e-04 1.27e-03 1.29e-03 |   7.56  |   1.28
c_0_E_scalar                     5.78e-05 1.52e-04 3.80e-04 7.70e-04 1.25e-03 1.38e-03 |  23.80  |   1.62
log_tau_b_rel_E_gain             4.44e-05 1.24e-04 2.84e-04 5.23e-04 7.92e-04 8.44e-04 |  19.02  |   1.51
W_raw                            7.67e-05 1.46e-04 2.66e-04 4.23e-04 6.12e-04 6.18e-04 |   8.06  |   1.44
log_tau_d_vec                    3.26e-05 8.36e-05 1.96e-04 3.05e-04 4.14e-04 4.13e-04 |  12.69  |   1.36
log_tau_b_rec_E_gain             1.67e-05 4.79e-05 1.24e-04 2.73e-04 5.19e-04 6.40e-04 |  38.31  |   1.90
log_tau_d_gain                   4.40e-05 8.59e-05 1.79e-04 1.62e-04 2.34e-04 2.20e-04 |   4.99  |   1.44
log_c_E_gain                     6.93e-05 9.81e-05 1.26e-04 1.46e-04 1.55e-04 1.53e-04 |   2.20  |   1.06
W_in_gain                        2.33e-05 3.97e-05 5.34e-05 1.41e-04 2.01e-04 2.19e-04 |   9.42  |   1.43
c_0_E_vec                        7.76e-06 1.79e-05 4.19e-05 8.33e-05 1.36e-04 1.42e-04 |  18.29  |   1.63
log_tau_global                   7.82e-06 5.36e-08 1.29e-06 7.78e-05 5.50e-05 2.19e-05 |   2.80  |   0.71
log_tau_b_rel_E_vec              5.70e-06 1.58e-05 3.60e-05 6.93e-05 1.13e-04 1.19e-04 |  20.89  |   1.63
log_tau_a_E_gain                 3.98e-06 1.01e-05 2.10e-05 3.49e-05 4.86e-05 5.08e-05 |  12.77  |   1.39
log_tau_b_rec_E_vec              1.60e-06 4.51e-06 1.16e-05 2.64e-05 5.33e-05 6.30e-05 |  39.32  |   2.02
log_c_E_vec                      7.36e-06 9.82e-06 1.26e-05 1.51e-05 1.69e-05 1.66e-05 |   2.25  |   1.12
log_tau_a_E_vec                  4.23e-07 9.67e-07 1.90e-06 3.11e-06 4.58e-06 4.58e-06 |  10.82  |   1.47
